" this is the SDPA-formatted version of the example
" implemented in libsdp/examples/c_interface
" 101 constraints ... 2 blocks ... each with dimension 10
" next comes the constraint vector (b)
" next comes the vector defining the problem (c) in sparse format
" next comes the rows of the constraint matrix
101
2
   10   10
      1.000000000000      1.000000000000      0.000000000000      0.000000000000      0.000000000000      0.000000000000      0.000000000000      0.000000000000      0.000000000000      0.000000000000      0.000000000000      0.000000000000      1.000000000000      0.000000000000      0.000000000000      0.000000000000      0.000000000000      0.000000000000      0.000000000000      0.000000000000      0.000000000000      0.000000000000      0.000000000000      1.000000000000      0.000000000000      0.000000000000      0.000000000000      0.000000000000      0.000000000000      0.000000000000      0.000000000000      0.000000000000      0.000000000000      0.000000000000      1.000000000000      0.000000000000      0.000000000000      0.000000000000      0.000000000000      0.000000000000      0.000000000000      0.000000000000      0.000000000000      0.000000000000      0.000000000000      1.000000000000      0.000000000000      0.000000000000      0.000000000000      0.000000000000      0.000000000000      0.000000000000      0.000000000000      0.000000000000      0.000000000000      0.000000000000      1.000000000000      0.000000000000      0.000000000000      0.000000000000      0.000000000000      0.000000000000      0.000000000000      0.000000000000      0.000000000000      0.000000000000      0.000000000000      1.000000000000      0.000000000000      0.000000000000      0.000000000000      0.000000000000      0.000000000000      0.000000000000      0.000000000000      0.000000000000      0.000000000000      0.000000000000      1.000000000000      0.000000000000      0.000000000000      0.000000000000      0.000000000000      0.000000000000      0.000000000000      0.000000000000      0.000000000000      0.000000000000      0.000000000000      1.000000000000      0.000000000000      0.000000000000      0.000000000000      0.000000000000      0.000000000000      0.000000000000      0.000000000000      0.000000000000      0.000000000000      0.000000000000      1.000000000000
0 1 1 2 10.0
0 1 2 3 10.0
0 1 3 4 10.0
0 1 4 5 10.0
0 1 5 6 10.0
0 1 6 7 10.0
0 1 7 8 10.0
0 1 8 9 10.0
0 1 9 10 10.0
1 1 1 1 1.0
1 1 2 2 1.0
1 1 3 3 1.0
1 1 4 4 1.0
1 1 5 5 1.0
1 1 6 6 1.0
1 1 7 7 1.0
1 1 8 8 1.0
1 1 9 9 1.0
1 1 10 10 1.0
2 1 1 1 1.0
2 2 1 1 1.0
3 1 1 2 1.0
3 2 1 2 1.0
4 1 1 3 1.0
4 2 1 3 1.0
5 1 1 4 1.0
5 2 1 4 1.0
6 1 1 5 1.0
6 2 1 5 1.0
7 1 1 6 1.0
7 2 1 6 1.0
8 1 1 7 1.0
8 2 1 7 1.0
9 1 1 8 1.0
9 2 1 8 1.0
10 1 1 9 1.0
10 2 1 9 1.0
11 1 1 10 1.0
11 2 1 10 1.0
12 1 2 1 1.0
12 2 2 1 1.0
13 1 2 2 1.0
13 2 2 2 1.0
14 1 2 3 1.0
14 2 2 3 1.0
15 1 2 4 1.0
15 2 2 4 1.0
16 1 2 5 1.0
16 2 2 5 1.0
17 1 2 6 1.0
17 2 2 6 1.0
18 1 2 7 1.0
18 2 2 7 1.0
19 1 2 8 1.0
19 2 2 8 1.0
20 1 2 9 1.0
20 2 2 9 1.0
21 1 2 10 1.0
21 2 2 10 1.0
22 1 3 1 1.0
22 2 3 1 1.0
23 1 3 2 1.0
23 2 3 2 1.0
24 1 3 3 1.0
24 2 3 3 1.0
25 1 3 4 1.0
25 2 3 4 1.0
26 1 3 5 1.0
26 2 3 5 1.0
27 1 3 6 1.0
27 2 3 6 1.0
28 1 3 7 1.0
28 2 3 7 1.0
29 1 3 8 1.0
29 2 3 8 1.0
30 1 3 9 1.0
30 2 3 9 1.0
31 1 3 10 1.0
31 2 3 10 1.0
32 1 4 1 1.0
32 2 4 1 1.0
33 1 4 2 1.0
33 2 4 2 1.0
34 1 4 3 1.0
34 2 4 3 1.0
35 1 4 4 1.0
35 2 4 4 1.0
36 1 4 5 1.0
36 2 4 5 1.0
37 1 4 6 1.0
37 2 4 6 1.0
38 1 4 7 1.0
38 2 4 7 1.0
39 1 4 8 1.0
39 2 4 8 1.0
40 1 4 9 1.0
40 2 4 9 1.0
41 1 4 10 1.0
41 2 4 10 1.0
42 1 5 1 1.0
42 2 5 1 1.0
43 1 5 2 1.0
43 2 5 2 1.0
44 1 5 3 1.0
44 2 5 3 1.0
45 1 5 4 1.0
45 2 5 4 1.0
46 1 5 5 1.0
46 2 5 5 1.0
47 1 5 6 1.0
47 2 5 6 1.0
48 1 5 7 1.0
48 2 5 7 1.0
49 1 5 8 1.0
49 2 5 8 1.0
50 1 5 9 1.0
50 2 5 9 1.0
51 1 5 10 1.0
51 2 5 10 1.0
52 1 6 1 1.0
52 2 6 1 1.0
53 1 6 2 1.0
53 2 6 2 1.0
54 1 6 3 1.0
54 2 6 3 1.0
55 1 6 4 1.0
55 2 6 4 1.0
56 1 6 5 1.0
56 2 6 5 1.0
57 1 6 6 1.0
57 2 6 6 1.0
58 1 6 7 1.0
58 2 6 7 1.0
59 1 6 8 1.0
59 2 6 8 1.0
60 1 6 9 1.0
60 2 6 9 1.0
61 1 6 10 1.0
61 2 6 10 1.0
62 1 7 1 1.0
62 2 7 1 1.0
63 1 7 2 1.0
63 2 7 2 1.0
64 1 7 3 1.0
64 2 7 3 1.0
65 1 7 4 1.0
65 2 7 4 1.0
66 1 7 5 1.0
66 2 7 5 1.0
67 1 7 6 1.0
67 2 7 6 1.0
68 1 7 7 1.0
68 2 7 7 1.0
69 1 7 8 1.0
69 2 7 8 1.0
70 1 7 9 1.0
70 2 7 9 1.0
71 1 7 10 1.0
71 2 7 10 1.0
72 1 8 1 1.0
72 2 8 1 1.0
73 1 8 2 1.0
73 2 8 2 1.0
74 1 8 3 1.0
74 2 8 3 1.0
75 1 8 4 1.0
75 2 8 4 1.0
76 1 8 5 1.0
76 2 8 5 1.0
77 1 8 6 1.0
77 2 8 6 1.0
78 1 8 7 1.0
78 2 8 7 1.0
79 1 8 8 1.0
79 2 8 8 1.0
80 1 8 9 1.0
80 2 8 9 1.0
81 1 8 10 1.0
81 2 8 10 1.0
82 1 9 1 1.0
82 2 9 1 1.0
83 1 9 2 1.0
83 2 9 2 1.0
84 1 9 3 1.0
84 2 9 3 1.0
85 1 9 4 1.0
85 2 9 4 1.0
86 1 9 5 1.0
86 2 9 5 1.0
87 1 9 6 1.0
87 2 9 6 1.0
88 1 9 7 1.0
88 2 9 7 1.0
89 1 9 8 1.0
89 2 9 8 1.0
90 1 9 9 1.0
90 2 9 9 1.0
91 1 9 10 1.0
91 2 9 10 1.0
92 1 10 1 1.0
92 2 10 1 1.0
93 1 10 2 1.0
93 2 10 2 1.0
94 1 10 3 1.0
94 2 10 3 1.0
95 1 10 4 1.0
95 2 10 4 1.0
96 1 10 5 1.0
96 2 10 5 1.0
97 1 10 6 1.0
97 2 10 6 1.0
98 1 10 7 1.0
98 2 10 7 1.0
99 1 10 8 1.0
99 2 10 8 1.0
100 1 10 9 1.0
100 2 10 9 1.0
101 1 10 10 1.0
101 2 10 10 1.0
